data created:, 20-Jan-2016
monthly global mean of baseline data from AGAGE GC-MD data
You can use the following format in Fortran to read data in different columns, (F9.3, I4, I6, 8(f11.3,f9.3))
   scale: ---   ---       SIO-05      ---       SIO-05      ---       SIO-05      ---       SIO-05      ---       SIO-05      ---       SIO-98      ---   Tohoku-Uni      ---       SIO-98      ---
    unit: ---   ---          ppt      ---          ppt      ---          ppt      ---          ppt      ---          ppt      ---          ppb      ---          ppb      ---          ppt      ---
     time  MM  YYYY       CFC-11      ---       CFC-12      ---      CFC-113      ---      CH3CCl3      ---         CCl4      ---          N2O      ---          CH4      ---        CHCl3      ---
 1978.542   7  1978      147.067    6.349      268.552   11.092        0.000    0.000       71.805   10.458       88.972    1.348      299.316    0.823        0.000    0.000        0.000    0.000
 1978.625   8  1978      148.527    5.784      269.862   11.241        0.000    0.000       71.088   10.246       89.489    1.784      299.441    0.561        0.000    0.000        0.000    0.000
 1978.708   9  1978      148.925    5.412      271.445    9.476        0.000    0.000       69.845    8.760       89.393    1.479      299.889    0.490        0.000    0.000        0.000    0.000
 1978.792  10  1978      149.670    5.189      273.775    9.159        0.000    0.000       70.845    8.261       88.964    1.188      300.557    0.582        0.000    0.000        0.000    0.000
 1978.875  11  1978      150.647    4.904      276.780    7.185        0.000    0.000       71.945    7.771       88.941    0.657      300.598    0.467        0.000    0.000        0.000    0.000
 1978.958  12  1978      152.607    5.623      280.265    8.520        0.000    0.000       74.768    9.833       90.429    1.471      300.255    0.528        0.000    0.000        0.000    0.000
 1979.042   1  1979      153.245    4.635      283.425    8.146        0.000    0.000       74.405    8.975       91.107    1.915      301.152    0.463        0.000    0.000        0.000    0.000
 1979.125   2  1979      152.836    4.366      283.455    7.830        0.000    0.000       74.290    9.603       90.733    2.051      301.215    0.451        0.000    0.000        0.000    0.000
 1979.208   3  1979      152.893    4.699      284.052    7.396        0.000    0.000       74.815    9.230       89.528    1.213      300.630    0.256        0.000    0.000        0.000    0.000
 1979.292   4  1979      154.167    4.881      285.533    7.573        0.000    0.000       75.941    9.633       90.063    1.294      300.577    0.283        0.000    0.000        0.000    0.000
 1979.375   5  1979      155.072    5.354      286.657    8.251        0.000    0.000       76.582    9.587       90.854    1.887      300.672    0.456        0.000    0.000        0.000    0.000
 1979.458   6  1979      155.525    5.281      286.920    7.935        0.000    0.000       76.620    9.148       90.952    1.991      300.840    0.353        0.000    0.000        0.000    0.000
 1979.542   7  1979      156.427    5.586      289.312    9.026        0.000    0.000       76.863    9.113       91.018    1.863      300.637    0.154        0.000    0.000        0.000    0.000
 1979.625   8  1979      157.453    5.588      291.990    9.326        0.000    0.000       78.075    9.075       90.879    1.832      300.420    0.131        0.000    0.000        0.000    0.000
 1979.708   9  1979      157.625    5.464      291.580    8.618        0.000    0.000       76.977    8.067       90.659    1.652      300.657    0.286        0.000    0.000        0.000    0.000
 1979.792  10  1979      158.609    5.495      293.930    9.400        0.000    0.000       78.702    8.512       91.189    1.453      300.882    0.383        0.000    0.000        0.000    0.000
 1979.875  11  1979      159.629    5.414      295.900    9.961        0.000    0.000       80.055    8.640       90.971    2.093      300.990    0.230        0.000    0.000        0.000    0.000
 1979.958  12  1979      160.264    5.486      296.553    9.286        0.000    0.000       79.574    9.936       91.959    2.001      300.862    0.292        0.000    0.000        0.000    0.000
 1980.042   1  1980      161.303    5.039      297.938    8.387        0.000    0.000       81.455   10.163       92.595    2.118      300.952    0.281        0.000    0.000        0.000    0.000
 1980.125   2  1980      161.702    4.584      299.283    6.994        0.000    0.000       81.607    9.482       92.195    1.909      300.735    0.192        0.000    0.000        0.000    0.000
 1980.208   3  1980      163.217    4.962      302.040    7.710        0.000    0.000       83.545   10.276       92.592    2.142      301.050    0.335        0.000    0.000        0.000    0.000
 1980.292   4  1980      163.974    4.897      303.579    7.538        0.000    0.000       83.678   10.266       92.440    1.742      300.561    0.182        0.000    0.000        0.000    0.000
 1980.375   5  1980      164.995    4.745      304.787    7.555        0.000    0.000       84.726    9.728       92.791    1.734      300.329    0.463        0.000    0.000        0.000    0.000
 1980.458   6  1980      165.288    4.770      306.788    8.388        0.000    0.000       85.175    9.532       92.704    1.700      300.700    0.302        0.000    0.000        0.000    0.000
 1980.542   7  1980      166.001    4.683      309.240    8.926        0.000    0.000       85.181    8.898       92.421    1.816      301.151    0.358        0.000    0.000        0.000    0.000
 1980.625   8  1980      166.760    4.789      309.900    8.539        0.000    0.000       84.971    8.050       92.425    1.794      300.926    0.284        0.000    0.000        0.000    0.000
 1980.708   9  1980      167.635    4.665      311.158    8.645        0.000    0.000       84.935    7.574       92.491    1.653      301.452    0.265        0.000    0.000        0.000    0.000
 1980.792  10  1980      167.726    4.821      311.000    9.679        0.000    0.000       86.156    8.136       92.428    1.967      301.841    0.690        0.000    0.000        0.000    0.000
 1980.875  11  1980      169.544    4.575      313.304    8.785        0.000    0.000       87.565    8.679       93.091    1.893      301.807    0.270        0.000    0.000        0.000    0.000
 1980.958  12  1980      170.126    4.320      314.415    8.572        0.000    0.000       87.901    8.666       93.400    1.925      301.496    0.175        0.000    0.000        0.000    0.000
 1981.042   1  1981      170.785    4.178      315.323    8.237        0.000    0.000       87.711    8.382       93.659    1.974      301.406    0.187        0.000    0.000        0.000    0.000
 1981.125   2  1981      170.990    4.415      315.801    8.536        0.000    0.000       88.509    8.569       93.533    2.263      301.099    0.192        0.000    0.000        0.000    0.000
 1981.208   3  1981      171.233    3.947      315.771    7.494        0.000    0.000       88.055    7.852       93.792    2.314      301.159    0.168        0.000    0.000        0.000    0.000
 1981.292   4  1981      172.077    4.488      318.004    8.186        0.000    0.000       89.368    8.876       94.120    2.404      301.567    0.324        0.000    0.000        0.000    0.000
 1981.375   5  1981      172.707    4.506      319.049    7.977        0.000    0.000       89.997    9.241       94.091    2.428      301.259    0.327        0.000    0.000        0.000    0.000
 1981.458   6  1981      173.293    4.109      319.789    7.552        0.000    0.000       90.099    8.679       93.919    2.032      301.004    0.353        0.000    0.000        0.000    0.000
 1981.542   7  1981      173.981    4.436      321.177    8.300        0.000    0.000       89.978    8.618       94.041    2.078      300.592    0.485        0.000    0.000        0.000    0.000
 1981.625   8  1981      175.092    4.542      324.095    8.424        0.000    0.000       89.899    8.063       94.032    1.861      301.200    0.442        0.000    0.000        0.000    0.000
 1981.708   9  1981      176.238    4.535      326.139    8.249        0.000    0.000       90.321    7.948       94.037    1.929      301.467    0.448        0.000    0.000        0.000    0.000
 1981.792  10  1981      177.000    4.718      327.391    9.201        0.000    0.000       90.585    8.240       93.881    2.306      301.626    0.554        0.000    0.000        0.000    0.000
 1981.875  11  1981      178.092    4.720      328.851    9.065        0.000    0.000       90.863    8.241       94.173    2.403      301.989    0.465        0.000    0.000        0.000    0.000
 1981.958  12  1981      178.979    4.408      329.761    7.764        0.000    0.000       91.870    8.491       94.030    1.904      302.013    0.317        0.000    0.000        0.000    0.000
 1982.042   1  1982      178.926    4.035      331.180    7.253        0.000    0.000       92.240    8.623       94.069    1.629      302.441    0.303        0.000    0.000        0.000    0.000
 1982.125   2  1982      179.182    4.134      332.114    7.109        0.000    0.000       92.869    8.421       94.314    1.259      302.764    0.263        0.000    0.000        0.000    0.000
 1982.208   3  1982      179.445    4.368      333.049    7.262        0.000    0.000       93.119    9.037       94.258    1.254      302.906    0.308        0.000    0.000        0.000    0.000
 1982.292   4  1982      180.219    4.491      335.348    7.964        0.000    0.000       94.991   10.049       94.647    1.412      303.372    0.569        0.000    0.000        0.000    0.000
 1982.375   5  1982      180.930    4.202      336.247    7.518        0.000    0.000       94.764    9.114       94.921    1.346      303.686    0.618        0.000    0.000        0.000    0.000
 1982.458   6  1982      181.695    4.011      338.541    7.982        0.000    0.000       95.010    8.752       94.996    1.349      304.057    0.748        0.000    0.000        0.000    0.000
 1982.542   7  1982      182.257    4.180      339.486    8.168        0.000    0.000       95.298    8.855       95.089    1.492      303.925    0.588        0.000    0.000        0.000    0.000
 1982.625   8  1982      183.222    4.266      341.136    7.948        0.000    0.000       94.706    7.776       95.229    1.536      303.549    0.203        0.000    0.000        0.000    0.000
 1982.708   9  1982      183.748    4.279      342.401    8.303        0.000    0.000       94.165    7.340       95.086    1.572      303.495    0.249        0.000    0.000        0.000    0.000
 1982.792  10  1982      184.766    4.626      343.974    8.553        0.000    0.000       94.981    7.928       95.368    1.675      303.680    0.308        0.000    0.000        0.000    0.000
 1982.875  11  1982      185.643    4.846      345.950    8.387        0.000    0.000       95.601    8.465       95.139    1.899      303.785    0.326        0.000    0.000        0.000    0.000
 1982.958  12  1982      186.093    4.839      348.024    9.038        0.000    0.000       96.756    9.663       95.556    2.189      303.671    0.258        0.000    0.000        0.000    0.000
 1983.042   1  1983      186.457    4.484      348.256    8.045        0.000    0.000       96.130    9.041       95.640    2.025      303.693    0.217        0.000    0.000        0.000    0.000
 1983.125   2  1983      187.008    4.277      349.042    7.930        0.000    0.000       96.060    9.072       95.919    2.007      303.736    0.352        0.000    0.000        0.000    0.000
 1983.208   3  1983      187.975    4.135      350.259    7.518        0.000    0.000       96.788    8.666       96.315    1.786      303.671    0.428        0.000    0.000        0.000    0.000
 1983.292   4  1983      189.051    4.630      351.188    7.751        0.000    0.000       98.339    9.743       95.875    1.508      303.633    0.392        0.000    0.000        0.000    0.000
 1983.375   5  1983      189.723    4.588      352.489    7.656        0.000    0.000       98.842    9.505       95.821    1.420      303.469    0.343        0.000    0.000        0.000    0.000
 1983.458   6  1983      190.475    4.466      353.889    6.979        0.000    0.000       98.728    8.833       95.745    1.392      303.263    0.303        0.000    0.000        0.000    0.000
 1983.542   7  1983      191.598    4.759      356.244    7.586        0.000    0.000       99.030    8.535       95.779    1.421      303.375    0.312        0.000    0.000        0.000    0.000
 1983.625   8  1983      192.671    5.202      359.415    7.978        0.000    0.000       99.121    8.264       96.293    1.565      303.864    0.170        0.000    0.000        0.000    0.000
 1983.708   9  1983      192.798    4.635      360.628    7.928        0.000    0.000       98.471    7.433       96.339    1.587      303.639    0.139        0.000    0.000        0.000    0.000
 1983.792  10  1983      193.536    4.814      362.019    8.018        0.000    0.000       98.614    7.671       96.539    1.756      303.579    0.121        0.000    0.000        0.000    0.000
 1983.875  11  1983      194.156    4.771      363.111    7.835        0.000    0.000       98.849    8.195       96.607    1.788      303.804    0.128        0.000    0.000        0.000    0.000
 1983.958  12  1983      195.132    4.566      364.966    7.700        0.000    0.000      101.006    9.205       96.824    1.700      303.898    0.154        0.000    0.000        0.000    0.000
 1984.042   1  1984      195.339    3.993      365.125    6.429        0.000    0.000      100.952    8.646       96.785    1.415      303.835    0.208        0.000    0.000        0.000    0.000
 1984.125   2  1984      196.420    4.283      365.857    7.010        0.000    0.000      101.588    8.872       96.675    1.396      303.848    0.153        0.000    0.000        0.000    0.000
 1984.208   3  1984      196.960    4.123      366.642    7.040        0.000    0.000      102.743    8.982       96.743    1.401      303.665    0.198        0.000    0.000        0.000    0.000
 1984.292   4  1984      197.732    4.095      368.140    6.851        0.000    0.000      102.330    9.264       97.000    1.506      303.755    0.189        0.000    0.000        0.000    0.000
 1984.375   5  1984      197.735    4.367      369.432    7.347       34.546    1.896      102.875   10.158       97.312    1.611      304.155    0.201        0.000    0.000        0.000    0.000
 1984.458   6  1984      198.330    4.171      370.965    7.552       34.863    1.875      103.470    9.858       97.375    1.675      304.130    0.243        0.000    0.000        0.000    0.000
 1984.542   7  1984      199.293    4.234      372.750    7.738       35.030    1.800      103.357    9.306       97.302    1.574      303.943    0.206        0.000    0.000        0.000    0.000
 1984.625   8  1984      200.008    4.209      374.413    7.809       35.009    1.621      103.230    8.463       97.290    1.456      304.013    0.275        0.000    0.000        0.000    0.000
 1984.708   9  1984      201.081    4.207      376.682    8.034       35.598    1.812      102.982    7.864       97.515    1.530      304.155    0.337        0.000    0.000        0.000    0.000
 1984.792  10  1984      201.845    4.749      378.412    9.118       36.240    2.148      103.493    8.207       97.713    1.645      304.200    0.505        0.000    0.000        0.000    0.000
 1984.875  11  1984      202.395    4.577      379.920    8.373       36.683    2.317      103.690    8.241       97.910    1.659      304.240    0.661        0.000    0.000        0.000    0.000
 1984.958  12  1984      204.024    4.402      382.648    8.045       37.300    2.221      106.007    9.429       98.393    1.671      304.290    0.425        0.000    0.000        0.000    0.000
 1985.042   1  1985      203.938    4.071      383.492    7.587       37.935    2.279      105.878    9.340       98.408    1.545      304.325    0.332        0.000    0.000        0.000    0.000
 1985.125   2  1985      204.283    3.954      384.323    6.834       37.823    2.135      105.997    9.309       98.460    1.397      304.420    0.248        0.000    0.000        0.000    0.000
 1985.208   3  1985      205.095    4.200      385.633    7.046       38.343    2.134      106.827    9.914       98.478    1.384      304.302    0.294        0.000    0.000        0.000    0.000
 1985.292   4  1985      205.723    4.176      386.295    6.536       38.848    2.103      106.650    9.470       98.387    1.272      304.495    0.476        0.000    0.000        0.000    0.000
 1985.375   5  1985      206.915    4.350      388.247    7.055       39.292    2.035      107.765    9.632       98.605    1.270      304.573    0.544        0.000    0.000        0.000    0.000
 1985.458   6  1985      206.405    3.993      388.595    6.856       39.560    2.102      106.440    8.638       98.247    1.208      304.345    0.535        0.000    0.000        0.000    0.000
 1985.542   7  1985      208.061    4.232      391.950    7.618       39.938    2.067      107.295    8.951       98.350    1.169      304.555    0.368        0.000    0.000        0.000    0.000
 1985.625   8  1985      209.426    4.697      393.445    7.682       40.486    1.980      107.630    8.558       98.457    1.247      304.295    0.335        0.000    0.000        0.000    0.000
 1985.708   9  1985      210.160    4.854      394.885    8.076        0.000    0.000      107.165    7.912       98.502    1.237      304.270    0.426        0.000    0.000        0.000    0.000
 1985.792  10  1985      211.663    4.574      395.800    7.969       40.704    1.721      107.500    8.386       98.590    1.190      304.747    0.331        0.000    0.000        0.000    0.000
 1985.875  11  1985      211.693    4.704      397.138    8.206       40.923    1.963      107.855    8.931       98.725    1.274      304.422    0.333        0.000    0.000        0.000    0.000
 1985.958  12  1985      212.868    4.439      399.670    8.201       42.100    2.245      109.378    9.737       99.040    1.245      304.573    0.324        0.000    0.000        0.000    0.000
 1986.042   1  1986      213.285    3.995      400.047    7.315       42.197    1.917      108.818    8.835       99.068    1.089      304.628    0.350        0.000    0.000        0.000    0.000
 1986.125   2  1986      214.416    4.108      401.668    7.307       42.545    1.750      109.488    9.006       99.470    1.314      304.913    0.563        0.000    0.000        0.000    0.000
 1986.208   3  1986      215.039    4.285      402.703    7.445       42.865    1.622      109.385    9.868       99.603    1.440      305.013    0.609        0.000    0.000        0.000    0.000
 1986.292   4  1986      216.605    4.634      405.525    7.070       43.530    1.383      111.425   10.054      100.177    1.545      305.335    0.588        0.000    0.000        0.000    0.000
 1986.375   5  1986      217.458    4.903      406.133    7.175       43.903    1.626      110.543    9.572       99.982    1.444      304.778    0.323     1659.269   39.201        0.000    0.000
 1986.458   6  1986      219.094    4.925      410.075    6.495       44.562    2.023      111.337    9.791      100.247    1.504      305.527    0.232     1653.053   30.407        0.000    0.000
 1986.542   7  1986      219.371    5.112      410.970    7.401       44.670    1.689      110.982    9.029      100.440    1.604      305.535    0.304     1650.882   23.965        0.000    0.000
 1986.625   8  1986      220.151    5.116      412.585    7.448       45.120    1.584      109.395    7.821      100.238    1.671      305.560    0.488     1648.578   20.195        0.000    0.000
 1986.708   9  1986      222.471    5.741      417.228    8.765       45.792    1.583      110.315    7.821      100.562    1.566      305.845    0.377     1668.903   33.950        0.000    0.000
 1986.792  10  1986      222.758    5.724      417.922    8.959       46.589    1.277      109.963    8.288      100.665    1.576      305.675    0.522     1673.393   33.806        0.000    0.000
 1986.875  11  1986      223.012    6.088      418.510    9.278       46.666    1.100      109.568    8.868      101.140    1.782      305.622    0.361     1671.767   27.386        0.000    0.000
 1986.958  12  1986      224.425    6.005      420.528    9.893       46.619    1.682      111.100    9.963      101.222    1.822      305.588    0.358     1674.996   35.134        0.000    0.000
 1987.042   1  1987      225.669    5.644      421.538    9.379       46.734    2.440      110.378    9.983      100.966    1.453      305.607    0.339     1686.990   47.456        0.000    0.000
 1987.125   2  1987      226.672    5.591      421.309    8.445       46.981    2.157      110.470    9.823      101.054    1.356      305.391    0.314     1681.686   43.839        0.000    0.000
 1987.208   3  1987      226.860    5.365      421.868    8.032       48.484    2.098      111.129    9.401      100.963    1.402      305.497    0.210     1681.230   38.992        0.000    0.000
 1987.292   4  1987      227.150    5.470      422.809    9.017       50.150    2.185      113.051    9.871      100.975    1.545      305.557    0.342     1681.956   39.449        0.000    0.000
 1987.375   5  1987      228.551    5.590      424.574    8.930       49.857    2.644      113.857   10.179      101.765    1.093      305.666    0.293     1678.990   33.569        0.000    0.000
 1987.458   6  1987      230.183    6.229      427.605    7.869       51.269    2.621      114.934   10.407      101.312    1.315      305.739    0.149     1670.365   28.770        0.000    0.000
 1987.542   7  1987      231.133    6.052      429.374    7.800       51.894    2.700      114.981    9.814      101.227    1.286      305.653    0.154     1662.778   22.177        0.000    0.000
 1987.625   8  1987      232.404    5.873      430.716    7.454       52.214    2.859      114.404    8.808      101.269    1.217      305.696    0.160     1663.656   22.321        0.000    0.000
 1987.708   9  1987      233.688    6.278      432.689    8.648       52.514    2.594      114.061    8.505      101.565    1.328      306.009    0.319     1676.914   31.687        0.000    0.000
 1987.792  10  1987      234.704    6.673      435.329    9.511       52.776    2.742      114.661    8.863      101.335    1.423      306.185    0.416     1692.311   39.853        0.000    0.000
 1987.875  11  1987      235.068    5.878      436.835    9.114       52.541    1.718      115.036    9.125      101.580    1.343      306.237    0.399     1685.833   36.051        0.000    0.000
 1987.958  12  1987      236.048    5.714      438.339    8.797       53.550    1.862      116.277    9.583      101.765    1.282      306.390    0.360     1687.112   38.093        0.000    0.000
 1988.042   1  1988      237.306    5.483      440.656    9.167       54.771    2.165      117.089   10.046      101.940    1.274      306.504    0.263     1691.951   44.957        0.000    0.000
 1988.125   2  1988      237.195    5.579      441.599    8.909       54.996    2.464      118.004   10.287      102.005    1.312      306.066    0.516     1692.410   42.949        0.000    0.000
 1988.208   3  1988      237.779    4.700      442.680    7.926       55.830    2.470      118.287   10.382      102.647    1.167      306.334    0.264     1689.596   45.685        0.000    0.000
 1988.292   4  1988      238.947    4.490      444.764    7.614       57.119    2.767      119.506   10.144      102.690    1.363      306.566    0.275     1688.036   37.385        0.000    0.000
 1988.375   5  1988      239.702    5.100      447.486    7.711       57.410    3.194      120.324   11.087      102.566    1.673      306.776    0.217     1683.641   35.103        0.000    0.000
 1988.458   6  1988      240.539    5.178      448.117    7.818       57.466    3.403      120.471   10.710      102.664    1.605      306.880    0.249     1678.829   29.845        0.000    0.000
 1988.542   7  1988      241.415    5.351      450.100    7.401       58.074    3.226      120.599   10.263      102.835    1.555      306.860    0.172     1675.375   21.868        0.000    0.000
 1988.625   8  1988      242.763    5.451      453.079    6.880       58.639    3.006      119.763    9.054      103.061    1.311      306.897    0.186     1681.853   22.333        0.000    0.000
 1988.708   9  1988      243.833    5.431      455.295    7.260       58.850    2.521      119.300    8.447      103.036    1.324      307.159    0.295     1692.936   28.777        0.000    0.000
 1988.792  10  1988      242.962    4.660      456.641    7.547       59.252    2.370      118.391    7.930      102.771    1.215      307.166    0.244     1696.198   30.496        0.000    0.000
 1988.875  11  1988      243.692    5.205      458.833    8.887       60.526    2.362      120.580    9.383      103.005    1.403      307.112    0.287     1715.920   41.461        0.000    0.000
 1988.958  12  1988      244.561    5.410      460.431    9.069       61.292    2.385      121.670   10.147      103.090    1.434      307.265    0.213     1708.735   38.190        0.000    0.000
 1989.042   1  1989      245.207    5.005      461.177    8.324       61.460    1.947      121.134    9.237      103.065    1.216      307.269    0.238     1710.404   39.657        0.000    0.000
 1989.125   2  1989      246.232    4.564      463.130    6.896       61.985    2.107      121.827    9.418      102.989    1.052      307.065    0.354     1709.235   39.685        0.000    0.000
 1989.208   3  1989      246.726    4.195      463.719    6.125       63.235    2.070      122.339    9.332      103.425    1.323      307.070    0.419     1709.238   38.251        0.000    0.000
 1989.292   4  1989      247.710    4.606      465.706    6.883       63.350    2.456      123.275   10.460      103.773    1.508      307.323    0.424     1716.144   42.931        0.000    0.000
 1989.375   5  1989      248.396    4.412      467.099    6.619       63.880    2.478      123.825   10.341      103.901    1.522      307.302    0.411     1709.192   36.514        0.000    0.000
 1989.458   6  1989      248.762    4.704      468.024    7.241       64.363    2.695      123.573   10.481      103.810    1.683      307.451    0.542     1709.675   32.589        0.000    0.000
 1989.542   7  1989      250.642    4.931      470.792    6.892       65.064    2.833      125.180    9.901      104.975    2.224      307.976    0.490     1726.578   34.091        0.000    0.000
 1989.625   8  1989      250.855    4.425      472.472    6.926       65.618    2.825      124.236    8.814      104.752    2.113      307.961    0.247     1727.666   33.579        0.000    0.000
 1989.708   9  1989      251.582    4.241      474.175    7.058       65.760    2.559      123.469    8.013      104.617    2.096      308.063    0.264     1720.751   27.731        0.000    0.000
 1989.792  10  1989      251.962    3.921      474.624    6.485       66.244    2.342      123.568    8.130      104.544    2.009      307.906    0.125     1707.625   20.994        0.000    0.000
 1989.875  11  1989      252.953    4.303      476.669    6.810       66.873    2.631      125.187    9.604      104.745    2.023      308.176    0.164     1703.938   20.276        0.000    0.000
 1989.958  12  1989      253.325    4.334      477.719    6.432       66.973    2.914      125.729   10.212      104.755    1.523      308.181    0.299     1709.739   29.007        0.000    0.000
 1990.042   1  1990      253.689    4.227      479.006    6.710       67.406    2.882      125.883   10.666      104.863    1.463      308.081    0.196     1702.421   31.102        0.000    0.000
 1990.125   2  1990      254.001    3.996      479.830    6.023       68.015    2.730      126.209   10.838      104.914    1.346      308.108    0.229     1699.569   31.455        0.000    0.000
 1990.208   3  1990      255.115    4.091      480.833    5.483       68.551    2.508      126.231   10.956      105.175    1.402      308.329    0.320     1715.609   42.130        0.000    0.000
 1990.292   4  1990      256.549    4.408      482.274    5.354       69.288    2.430      127.442   11.249      105.212    1.571      308.643    0.512     1716.438   38.917        0.000    0.000
 1990.375   5  1990      256.945    4.417      484.380    6.062       70.040    2.612      129.265   11.820      105.061    1.599      308.956    0.513     1712.397   33.248        0.000    0.000
 1990.458   6  1990      257.678    3.653      485.331    5.923       71.532    2.081      129.963   11.633      105.075    1.297      308.976    0.411     1712.195   26.815        0.000    0.000
 1990.542   7  1990      257.678    3.211      486.347    5.687       72.315    2.163      128.357   10.027      104.901    1.236      309.006    0.283     1710.283   21.960        0.000    0.000
 1990.625   8  1990      258.304    3.466      487.783    5.807       72.223    2.295      128.511    9.557      104.874    1.300      308.914    0.331     1715.807   22.265        0.000    0.000
 1990.708   9  1990      259.406    3.565      489.602    5.915       72.318    2.143      128.467    9.173      104.959    1.299      309.229    0.223     1730.420   30.459        0.000    0.000
 1990.792  10  1990      259.300    3.088      489.934    5.189       72.376    1.905      127.626    8.630      104.709    1.155      309.241    0.226     1737.771   36.087        0.000    0.000
 1990.875  11  1990      260.172    3.440      491.659    5.632       73.382    2.267      130.137   10.531      104.757    1.073      309.494    0.263     1740.678   41.389        0.000    0.000
 1990.958  12  1990      260.162    3.283      491.815    5.947       73.541    2.236      131.215   11.495      105.233    1.384      309.520    0.304     1738.225   41.546        0.000    0.000
 1991.042   1  1991      259.515    3.583      492.395    6.278       73.457    2.325      129.163   11.023      104.912    1.028      309.408    0.307     1731.824   43.411        0.000    0.000
 1991.125   2  1991      259.485    4.212      492.855    6.704       74.014    2.545      127.544   11.292      104.616    1.343      309.721    0.625     1735.812   45.406        0.000    0.000
 1991.208   3  1991      259.435    3.865      492.794    5.808       74.408    2.598      127.148   10.814      104.476    1.182      309.591    0.554     1728.145   43.552        0.000    0.000
 1991.292   4  1991      259.788    3.646      494.174    5.544       75.128    2.621      128.833   11.240      104.526    1.267      309.598    0.583     1719.585   39.993        0.000    0.000
 1991.375   5  1991      260.129    3.249      495.361    4.877       75.961    2.586      130.006   11.317      104.446    1.161      309.526    0.393     1715.252   32.679        0.000    0.000
 1991.458   6  1991      261.215    3.870      496.090    5.515       76.104    2.187      129.395   10.951      103.481    0.763      309.357    0.280     1718.940   28.625        0.000    0.000
 1991.542   7  1991      261.565    3.640      497.430    5.170       76.154    2.464      129.315   10.333      103.801    0.716      309.458    0.196     1724.659   30.337        0.000    0.000
 1991.625   8  1991      260.614    3.032      497.105    4.592       76.736    2.688      129.545   10.239      104.089    1.193      309.292    0.213     1733.876   32.531        0.000    0.000
 1991.708   9  1991      260.626    2.771      498.203    4.454       77.396    2.721      129.372    9.675      103.855    1.237      309.355    0.196     1741.084   34.791        0.000    0.000
 1991.792  10  1991      260.811    2.453      499.060    4.021       78.187    2.956      128.975    9.293      103.830    1.141      309.783    0.278     1744.130   35.993        0.000    0.000
 1991.875  11  1991      261.129    2.486      499.307    3.939       78.365    2.975      129.398    9.436      103.895    1.137      309.600    0.338     1751.032   40.153        0.000    0.000
 1991.958  12  1991      262.062    2.560      501.395    4.717       78.930    2.974      131.225   10.996      104.180    1.172      309.957    0.576     1748.219   35.900        0.000    0.000
 1992.042   1  1992      261.809    2.593      501.753    5.647       78.577    3.174      129.605   10.470      103.990    1.293      309.865    0.424     1732.794   35.690        0.000    0.000
 1992.125   2  1992      262.693    2.250      503.185    5.275       78.931    2.540      130.133    9.501      103.868    1.042      309.810    0.373     1722.725   27.304        0.000    0.000
 1992.208   3  1992      262.932    2.162      503.402    4.995       79.831    1.947      130.445    9.736      103.585    0.723      309.862    0.360     1721.802   27.066        0.000    0.000
 1992.292   4  1992      263.342    2.429      504.307    5.192       80.268    2.008      131.155   10.822      103.567    0.686      309.920    0.370     1732.409   37.616        0.000    0.000
 1992.375   5  1992      263.688    2.582      505.083    4.927       80.438    2.253      131.631    9.787      104.011    1.029      309.837    0.443     1738.033   34.454        0.000    0.000
 1992.458   6  1992      264.179    2.540      506.350    5.290       80.393    2.327      131.854    9.405      104.081    1.028      309.943    0.310     1735.901   27.632        0.000    0.000
 1992.542   7  1992      264.542    2.484      507.487    5.290       80.620    1.868      131.091    8.561      103.965    0.869      309.953    0.202     1730.700   22.825        0.000    0.000
 1992.625   8  1992      265.743    1.787      509.053    4.634       80.858    1.684      130.620    8.222      104.002    0.704      310.073    0.113     1735.410   24.722        0.000    0.000
 1992.708   9  1992      265.003    1.969      509.445    4.642       80.968    1.871      129.985    7.668      103.892    0.602      310.158    0.159     1739.148   27.680        0.000    0.000
 1992.792  10  1992      265.342    2.100      509.872    5.122       81.325    1.850      129.975    8.280      103.888    0.656      310.168    0.241     1743.698   30.905        0.000    0.000
 1992.875  11  1992      264.851    2.425      510.478    5.047       81.060    2.127      128.905    7.639      103.497    0.671      310.095    0.263     1737.847   30.532        0.000    0.000
 1992.958  12  1992      265.186    2.189      511.420    4.518       81.600    1.865      129.155    7.860      103.650    0.600      310.348    0.212     1737.562   34.869        0.000    0.000
 1993.042   1  1993      265.402    2.241      511.665    5.281       81.855    1.829      129.292    8.532      103.600    0.725      310.307    0.139     1733.964   36.974        0.000    0.000
 1993.125   2  1993      264.979    2.117      511.215    4.727       81.867    1.705      127.815    7.955      103.350    0.630      310.355    0.255     1735.087   38.554        0.000    0.000
 1993.208   3  1993      265.238    2.120      511.935    4.778       82.083    1.802      128.512    8.262      103.350    0.663      310.362    0.348     1738.445   37.685        0.000    0.000
 1993.292   4  1993      264.967    2.302      512.065    4.925       81.915    1.795      127.668    8.044      103.223    0.769      310.225    0.413     1736.990   35.964        0.000    0.000
 1993.375   5  1993      264.901    2.420      512.453    5.217       82.345    1.883      127.397    8.397      103.110    0.821      310.208    0.543     1738.822   36.460        0.000    0.000
 1993.458   6  1993      264.525    2.211      513.138    5.169       82.712    1.695      127.018    7.800      103.110    0.867      310.150    0.446     1731.501   26.303        0.000    0.000
 1993.542   7  1993      264.496    2.391      513.800    5.458       82.455    1.664      125.910    7.048      102.768    0.864      310.050    0.402     1731.055   22.580        0.000    0.000
 1993.625   8  1993      264.813    2.036      515.195    4.758       82.517    1.427      124.493    5.697      102.766    0.580      310.163    0.312     1736.795   25.926        0.000    0.000
 1993.708   9  1993      265.002    2.079      515.880    4.778       82.364    1.424      123.319    5.556      102.798    0.557      310.325    0.296     1745.329   31.646        0.000    0.000
 1993.792  10  1993      264.871    2.284      516.816    5.294       82.469    1.374      122.357    5.547      102.780    0.669      310.393    0.481     1756.850   39.924        0.000    0.000
 1993.875  11  1993      264.663    2.395      516.396    5.216       82.648    1.536      120.765    5.305      102.478    0.669      310.064    0.544     1749.927   37.556        0.000    0.000
 1993.958  12  1993      265.323    1.942      517.661    4.220       83.348    1.632      120.841    5.496      102.795    0.444      310.407    0.272     1744.704   37.331        0.000    0.000
 1994.042   1  1994      265.562    1.817      518.697    4.236       83.470    1.522      120.309    5.677      102.837    0.372      310.564    0.238     1745.446   40.670        0.000    0.000
 1994.125   2  1994      265.682    1.651      519.488    4.352       83.240    1.444      119.394    5.513      102.861    0.537      310.796    0.431     1745.701   39.810        8.780    2.170
 1994.208   3  1994      265.273    1.666      519.406    4.119       83.044    1.310      118.062    5.468      102.748    0.388      310.688    0.408     1738.944   38.066        7.170    1.600
 1994.292   4  1994      265.220    1.722      519.984    4.099       83.239    1.392      117.690    5.934      102.612    0.525      310.811    0.364     1742.126   40.643        7.310    1.730
 1994.375   5  1994      265.203    1.731      520.808    4.032       83.262    1.308      117.219    5.802      102.590    0.766      310.982    0.363     1745.980   37.750        7.560    1.640
 1994.458   6  1994      264.902    1.653      520.776    3.771       83.194    1.257      115.255    4.586      102.302    0.741      310.863    0.348     1744.790   33.308        7.530    1.270
 1994.542   7  1994      264.990    1.854      521.722    4.673       83.189    1.391      114.324    4.534      102.100    0.912      310.819    0.550     1739.446   25.120        7.900    1.470
 1994.625   8  1994      264.776    1.788      522.191    4.728       83.178    1.221      113.234    4.082      101.887    0.959      310.770    0.576     1741.467   24.867        7.910    1.400
 1994.708   9  1994      265.165    1.698      523.245    4.614       83.043    1.121      112.336    3.879      101.883    0.916      310.985    0.479     1747.266   27.009        7.940    1.440
 1994.792  10  1994      265.479    1.651      523.771    4.304       83.025    1.086      111.782    4.308      101.853    0.854      311.173    0.574     1755.093   32.689        8.410    1.770
 1994.875  11  1994      265.323    1.789      524.194    4.432       83.297    0.978      110.911    4.435      101.790    0.888      311.355    0.637     1750.110   32.515        8.320    1.840
 1994.958  12  1994      265.510    1.653      524.979    4.267       83.684    1.161      109.671    4.375      101.891    0.821      311.434    0.542     1748.814   34.031        7.980    1.670
 1995.042   1  1995      265.216    1.713      525.092    4.029       83.822    1.041      108.316    4.376      101.795    0.777      311.523    0.535     1743.828   36.249        7.840    1.740
 1995.125   2  1995      265.360    1.452      525.630    3.463       83.839    0.982      107.681    4.397      101.854    0.600      311.652    0.438     1746.651   37.075        7.760    1.980
 1995.208   3  1995      265.348    1.390      525.967    3.540       84.115    0.962      107.104    4.833      101.931    0.736      311.755    0.508     1746.965   39.832        7.880    1.980
 1995.292   4  1995      264.904    1.590      525.503    3.285       83.955    1.056      106.334    4.570      101.742    0.719      311.651    0.465     1749.454   38.434        7.820    2.040
 1995.375   5  1995      264.703    1.509      525.861    3.069       83.726    1.006      105.232    4.152      101.879    0.852      311.702    0.531     1747.520   33.642        7.240    1.490
 1995.458   6  1995      264.607    1.415      526.447    3.281       83.730    0.862      104.363    3.826      101.844    0.840      311.718    0.478     1741.414   27.005        7.040    1.090
 1995.542   7  1995      264.547    1.240      526.969    3.082       83.737    0.858      103.082    3.193      101.721    0.746      311.698    0.407     1742.027   24.941        7.100    1.010
 1995.625   8  1995      264.368    1.136      527.464    3.163       83.723    0.854      101.398    2.422      101.449    0.748      311.669    0.374     1745.439   25.363        7.380    1.180
 1995.708   9  1995      264.389    1.136      527.936    3.155       83.562    0.842       99.802    1.844      101.325    0.687      311.818    0.372     1751.588   26.345        7.860    1.350
 1995.792  10  1995      264.388    1.115      528.268    2.990       83.488    0.596       99.638    2.573      101.327    0.771      312.100    0.363     1754.848   30.219        8.720    1.460
 1995.875  11  1995      264.448    1.240      529.037    3.279       83.439    0.560       97.964    2.429      101.289    0.771      312.006    0.347     1755.696   33.008        8.650    1.780
 1995.958  12  1995      264.467    1.212      529.296    3.132       83.560    0.524       97.075    2.891      101.225    0.690      312.008    0.287     1751.741   36.647        8.250    2.060
 1996.042   1  1996      264.490    1.016      529.997    2.728       83.722    0.372       96.294    2.964      101.210    0.481      312.101    0.269     1752.776   35.521        7.870    1.960
 1996.125   2  1996      264.445    1.133      530.403    2.872       83.657    0.522       95.620    3.235      101.034    0.483      312.121    0.315     1751.880   37.082        7.540    1.910
 1996.208   3  1996      264.418    0.934      530.902    2.286       83.640    0.556       94.479    3.144      101.071    0.380      312.144    0.352     1747.997   37.994        7.500    1.970
 1996.292   4  1996      264.418    0.902      531.298    2.461       83.814    0.342       93.312    3.200      100.883    0.492      312.211    0.469     1747.524   38.351        7.410    1.830
 1996.375   5  1996      264.560    0.810      532.034    2.471       83.900    0.270       92.878    3.275      100.882    0.525      312.405    0.551     1750.693   35.139        7.940    1.360
 1996.458   6  1996      264.398    0.939      532.541    2.635       83.594    0.458       90.949    2.426      100.580    0.527      312.508    0.555     1745.714   28.568        7.860    1.150
 1996.542   7  1996      264.211    0.954      532.863    2.720       83.465    0.438       89.237    1.631      100.372    0.499      312.680    0.550     1743.677   23.805        7.940    1.140
 1996.625   8  1996      263.949    0.925      533.138    2.887       83.507    0.361       87.500    1.292      100.075    0.544      312.631    0.475     1747.565   25.049        8.120    1.260
 1996.708   9  1996      263.849    0.955      533.445    2.923       83.458    0.400       86.336    0.997       99.965    0.599      312.668    0.456     1751.255   27.577        8.140    1.280
 1996.792  10  1996      263.665    1.045      533.521    2.945       83.560    0.306       84.802    1.102       99.807    0.661      312.784    0.426     1751.180   27.845        8.020    1.490
 1996.875  11  1996      263.816    1.105      534.168    2.938       83.625    0.233       83.835    1.479       99.923    0.703      312.962    0.396     1754.556   32.590        8.070    1.860
 1996.958  12  1996      263.732    1.129      534.362    2.832       83.665    0.257       83.021    1.613       99.890    0.683      313.054    0.359     1754.945   35.183        8.000    2.000
 1997.042   1  1997      263.670    1.099      534.696    2.773       83.734    0.279       82.180    1.881       99.900    0.651      313.134    0.360     1755.983   37.308        8.160    2.160
 1997.125   2  1997      263.399    1.072      534.595    2.588       83.506    0.184       80.958    2.119       99.757    0.581      313.140    0.362     1752.999   37.583        7.920    2.140
 1997.208   3  1997      263.333    1.017      534.859    2.313       83.559    0.207       80.141    1.964       99.676    0.514      313.246    0.384     1754.521   34.011        7.830    1.940
 1997.292   4  1997      263.159    1.053      534.915    2.403       83.540    0.220       78.863    1.959       99.589    0.563      313.283    0.462     1749.724   34.006        7.550    1.780
 1997.375   5  1997      262.916    1.153      535.031    2.609       83.527    0.284       78.026    1.811       99.508    0.652      313.256    0.528     1753.241   33.361        7.810    1.620
 1997.458   6  1997      262.707    1.084      535.213    2.562       83.378    0.320       77.124    1.313       99.378    0.683      313.350    0.467     1751.501   27.670        7.810    1.200
 1997.542   7  1997      262.648    0.966      535.846    2.561       83.364    0.277       75.755    0.850       99.291    0.631      313.402    0.399     1748.472   23.288        7.680    1.040
 1997.625   8  1997      262.545    0.909      536.222    2.552       83.361    0.256       74.463    0.391       99.180    0.644      313.432    0.334     1749.114   21.180        7.700    0.920
 1997.708   9  1997      262.487    0.884      536.477    2.412       83.343    0.228       73.259    0.350       99.127    0.601      313.533    0.287     1751.761   22.565        7.710    0.990
 1997.792  10  1997      262.414    0.947      536.725    2.430       83.352    0.239       72.052    0.396       99.041    0.613      313.646    0.328     1752.584   24.588        7.640    1.250
 1997.875  11  1997      262.420    1.091      537.240    2.736       83.380    0.298       71.357    0.537       99.036    0.688      313.694    0.352     1758.322   30.304        7.970    1.590
 1997.958  12  1997      262.374    1.135      537.431    2.703       83.317    0.292       70.479    0.824       99.016    0.656      313.764    0.360     1757.728   33.762        7.970    1.810
 1998.042   1  1998      262.341    1.047      537.750    2.459       83.348    0.257       69.570    1.049       98.990    0.617      313.881    0.339     1759.054   34.326        7.920    1.970
 1998.125   2  1998      261.930    1.157      537.359    2.624       83.301    0.305       68.391    1.153       98.733    0.645      313.813    0.433     1753.751   37.944        7.740    1.900
 1998.208   3  1998      261.843    1.113      537.605    2.500       83.259    0.268       67.418    1.314       98.683    0.582      313.788    0.471     1755.304   37.195        7.580    1.910
 1998.292   4  1998      261.592    1.144      537.484    2.616       83.162    0.286       66.677    1.190       98.519    0.644      313.761    0.547     1757.382   38.270        7.700    1.870
 1998.375   5  1998      261.578    1.002      537.779    2.465       83.156    0.237       65.738    0.948       98.491    0.674      313.847    0.515     1757.697   32.198        7.660    1.520
 1998.458   6  1998      261.455    0.877      538.015    2.420       83.114    0.182       64.778    0.664       98.353    0.687      313.895    0.474     1757.663   26.883        7.820    1.300
 1998.542   7  1998      261.287    0.707      538.428    2.337       83.034    0.140       63.735    0.276       98.263    0.658      313.903    0.368     1758.088   22.179        7.900    1.070
 1998.625   8  1998      261.146    0.633      538.684    2.174       82.965    0.086       62.666    0.183       98.076    0.592      313.972    0.266     1762.618   22.563        8.100    1.140
 1998.708   9  1998      261.189    0.670      539.144    2.124       82.977    0.075       61.619    0.238       98.026    0.542      314.090    0.233     1769.512   27.105        8.120    1.390
 1998.792  10  1998      261.207    0.781      539.358    2.157       82.976    0.062       60.771    0.256       97.971    0.559      314.229    0.247     1771.452   29.286        7.970    1.450
 1998.875  11  1998      261.402    0.825      539.960    2.133       82.974    0.080       59.843    0.391       98.014    0.583      314.444    0.219     1773.665   32.373        7.840    1.700
 1998.958  12  1998      261.342    0.850      540.125    2.088       82.940    0.090       59.126    0.525       97.930    0.533      314.580    0.200     1774.845   34.554        7.900    1.850
 1999.042   1  1999      261.320    0.809      540.449    2.008       82.958    0.101       58.450    0.759       97.871    0.455      314.708    0.178     1777.833   36.353        8.010    2.000
 1999.125   2  1999      261.176    0.778      540.420    1.876       82.933    0.110       57.607    0.862       97.793    0.442      314.749    0.183     1776.110   35.562        7.780    1.940
 1999.208   3  1999      260.798    0.877      540.085    2.017       82.818    0.158       56.702    0.950       97.601    0.479      314.665    0.280     1770.856   38.543        7.460    1.950
 1999.292   4  1999      260.643    0.845      540.199    1.864       82.758    0.152       55.858    0.879       97.526    0.472      314.776    0.299     1773.574   35.090        7.320    1.770
 1999.375   5  1999      260.327    0.772      540.146    1.751       82.594    0.138       55.039    0.698       97.378    0.470      314.773    0.314     1771.551   29.934        7.270    1.410
 1999.458   6  1999      260.089    0.711      540.221    1.737       82.497    0.099       54.363    0.584       97.228    0.473      314.757    0.275     1770.529   25.582        7.350    1.170
 1999.542   7  1999      259.836    0.597      540.437    1.703       82.406    0.054       53.218    0.237       97.062    0.439      314.735    0.217     1766.118   21.516        7.480    1.110
 1999.625   8  1999      259.781    0.535      540.786    1.609       82.403    0.045       52.213    0.147       96.997    0.421      314.794    0.166     1766.301   19.606        7.410    1.040
 1999.708   9  1999      259.659    0.650      540.891    1.754       82.339    0.067       51.598    0.184       96.766    0.446      314.934    0.260     1771.722   22.684        7.770    1.190
 1999.792  10  1999      259.726    0.813      541.321    1.964       82.318    0.090       50.854    0.193       96.834    0.510      315.067    0.292     1774.643   25.884        7.590    1.370
 1999.875  11  1999      259.794    0.857      541.627    1.950       82.309    0.086       50.108    0.225       96.850    0.485      315.240    0.295     1774.880   28.414        7.620    1.490
 1999.958  12  1999      259.852    0.886      542.005    1.932       82.334    0.087       49.473    0.424       96.824    0.514      315.331    0.269     1775.209   32.471        7.730    1.790
 2000.042   1  2000      259.839    0.840      542.281    1.807       82.322    0.089       48.838    0.607       96.771    0.449      315.475    0.229     1776.529   33.804        7.760    1.840
 2000.125   2  2000      259.674    0.845      542.257    1.763       82.289    0.124       48.130    0.722       96.684    0.413      315.535    0.247     1774.190   34.849        7.550    1.810
 2000.208   3  2000      259.593    0.909      542.399    1.828       82.350    0.140       47.584    0.728       96.639    0.431      315.640    0.323     1775.236   34.571        7.480    1.750
 2000.292   4  2000      259.413    0.977      542.472    1.932       82.270    0.148       46.969    0.800       96.571    0.480      315.634    0.378     1777.237   36.413        7.710    1.830
 2000.375   5  2000      259.265    0.970      542.499    1.962       82.209    0.170       46.256    0.607       96.515    0.554      315.681    0.431     1773.595   31.145        7.350    1.330
 2000.458   6  2000      259.046    1.063      542.631    2.142       82.090    0.184       45.548    0.499       96.406    0.619      315.698    0.494     1770.233   27.229        7.440    1.050
 2000.542   7  2000      258.943    0.935      542.872    2.050       82.037    0.196       44.645    0.199       96.298    0.627      315.841    0.450     1766.619   19.941        7.280    0.830
 2000.625   8  2000      258.834    0.851      543.172    1.955       81.980    0.151       43.960    0.173       96.199    0.603      315.902    0.360     1770.108   20.908        7.620    1.070
 2000.708   9  2000      258.783    0.883      543.350    1.944       81.970    0.165       43.288    0.202       96.099    0.612      315.998    0.362     1773.147   23.713        7.640    1.200
 2000.792  10  2000      258.839    0.937      543.764    1.957       81.948    0.153       42.412    0.236       96.051    0.645      316.178    0.323     1775.384   25.900        7.570    1.400
 2000.875  11  2000      258.791    0.943      543.864    1.980       81.889    0.089       42.019    0.215       96.156    0.604      316.358    0.354     1774.908   31.224        7.320    1.600
 2000.958  12  2000      258.723    0.946      543.994    1.931       81.848    0.091       41.549    0.327       96.130    0.582      316.477    0.357     1775.569   32.563        7.250    1.650
 2001.042   1  2001      258.499    1.039      543.901    1.998       81.908    0.060       40.904    0.514       96.049    0.563      316.549    0.391     1772.965   34.497        7.090    1.730
 2001.125   2  2001      258.360    1.011      543.927    1.899       81.804    0.124       40.353    0.616       95.938    0.491      316.589    0.394     1774.884   35.266        7.150    1.750
 2001.208   3  2001      258.118    0.972      543.763    1.810       81.678    0.150       39.767    0.616       95.797    0.468      316.571    0.443     1772.112   34.833        6.890    1.670
 2001.292   4  2001      257.767    1.010      543.513    1.886       81.549    0.131       39.291    0.625       95.662    0.533      316.442    0.502     1774.883   32.940        6.930    1.540
 2001.375   5  2001      257.444    0.996      543.366    1.890       81.526    0.101       38.688    0.521       95.495    0.565      316.419    0.547     1773.560   29.272        7.000    1.200
 2001.458   6  2001      257.374    0.831      543.653    1.692       81.510    0.072       38.026    0.401       95.508    0.540      316.504    0.431     1773.171   24.032        6.940    1.050
 2001.542   7  2001      257.266    0.667      543.802    1.521       81.425    0.071       37.377    0.215       95.413    0.496      316.586    0.355     1772.223   18.848        7.080    1.030
 2001.625   8  2001      257.025    0.612      543.800    1.502       81.350    0.064       36.621    0.188       95.264    0.505      316.517    0.294     1771.187   17.065        7.180    0.920
 2001.708   9  2001      256.922    0.648      543.898    1.530       81.283    0.041       36.104    0.297       95.130    0.531      316.628    0.305     1776.338   20.051        7.620    1.220
 2001.792  10  2001      257.026    0.724      544.203    1.627       81.257    0.044       35.561    0.270       95.133    0.544      316.821    0.340     1775.182   26.658        7.560    1.350
 2001.875  11  2001      256.914    0.815      544.335    1.603       81.252    0.038       34.977    0.222       95.141    0.593      316.924    0.324     1773.740   27.104        7.150    1.340
 2001.958  12  2001      256.887    0.858      544.509    1.657       81.214    0.052       34.517    0.226       95.124    0.640      317.033    0.304     1776.412   31.644        7.320    1.630
 2002.042   1  2002      256.791    0.775      544.632    1.519       81.198    0.062       34.016    0.384       95.076    0.542      317.137    0.256     1774.075   35.069        7.350    1.770
 2002.125   2  2002      256.575    0.762      544.499    1.478       81.138    0.086       33.527    0.423       94.976    0.494      317.180    0.293     1771.590   35.487        7.120    1.720
 2002.208   3  2002      256.376    0.769      544.444    1.492       81.042    0.102       33.087    0.503       94.879    0.474      317.176    0.338     1774.584   36.815        7.190    1.750
 2002.292   4  2002      256.060    0.836      544.216    1.579       80.881    0.153       32.606    0.505       94.750    0.523      317.136    0.427     1771.669   35.315        7.030    1.640
 2002.375   5  2002      255.685    0.824      543.977    1.624       80.745    0.161       32.108    0.381       94.540    0.541      317.072    0.494     1771.635   31.503        7.090    1.340
 2002.458   6  2002      255.459    0.740      543.940    1.553       80.634    0.101       31.584    0.254       94.392    0.528      317.064    0.488     1769.269   25.609        7.080    1.060
 2002.542   7  2002      255.260    0.627      544.010    1.379       80.597    0.086       31.033    0.138       94.308    0.475      317.129    0.409     1766.321   21.298        7.030    1.010
 2002.625   8  2002      254.970    0.649      544.203    1.260       80.454    0.119       30.329    0.157       94.105    0.526      317.259    0.330     1768.059   19.055        7.140    1.010
 2002.708   9  2002      254.831    0.672      544.243    1.291       80.418    0.132       29.951    0.172       94.016    0.539      317.321    0.324     1773.390   23.576        7.430    1.270
 2002.792  10  2002      254.784    0.783      544.435    1.404       80.388    0.101       29.492    0.186       93.989    0.560      317.450    0.352     1776.018   26.967        7.470    1.530
 2002.875  11  2002      254.801    0.862      544.638    1.488       80.391    0.087       29.087    0.183       94.085    0.624      317.545    0.337     1777.765   31.430        7.330    1.670
 2002.958  12  2002      254.628    0.975      544.526    1.551       80.354    0.133       28.705    0.251       94.052    0.664      317.564    0.394     1776.563   34.473        7.240    1.790
 2003.042   1  2003      254.485    0.916      544.588    1.476       80.297    0.137       28.376    0.325       94.059    0.541      317.663    0.358     1775.417   33.425        7.130    1.780
 2003.125   2  2003      254.105    1.017      544.241    1.642       80.181    0.162       28.024    0.475       93.914    0.588      317.581    0.460     1772.716   38.261        7.180    1.950
 2003.208   3  2003      254.098    0.926      544.377    1.388       80.156    0.133       27.595    0.522       93.923    0.538      317.790    0.418     1774.690   35.088        7.030    1.740
 2003.292   4  2003      253.908    0.998      544.279    1.477       80.050    0.134       27.177    0.536       93.808    0.607      317.835    0.494     1777.545   35.378        7.180    1.620
 2003.375   5  2003      253.726    0.918      544.066    1.511       79.978    0.111       26.863    0.471       93.709    0.629      317.780    0.578     1776.115   32.729        7.020    1.400
 2003.458   6  2003      253.445    0.838      543.800    1.521       79.882    0.081       26.577    0.305       93.516    0.678      317.726    0.618     1775.120   29.062        7.140    1.140
 2003.542   7  2003      253.443    0.622      544.021    1.269       79.882    0.036       26.056    0.213       93.458    0.642      317.839    0.492     1774.452   25.309        7.270    1.120
 2003.625   8  2003      253.334    0.431      544.061    1.055       79.868    0.054       25.493    0.123       93.336    0.587      317.893    0.352     1772.861   22.465        7.230    1.050
 2003.708   9  2003      253.235    0.458      544.164    1.106       79.845    0.051       25.125    0.132       93.211    0.579      317.996    0.346     1776.871   25.375        7.360    1.190
 2003.792  10  2003      253.230    0.529      544.329    1.145       79.845    0.036       24.770    0.132       93.238    0.656      318.118    0.335     1779.900   28.688        7.430    1.380
 2003.875  11  2003      253.201    0.594      544.399    1.186       79.727    0.042       24.354    0.184       93.242    0.665      318.233    0.315     1780.196   32.380        7.430    1.590
 2003.958  12  2003      253.345    0.709      544.676    1.272       79.655    0.059       24.066    0.284       93.260    0.585      318.396    0.275     1782.016   36.473        7.380    1.780
 2004.042   1  2004      253.014    0.764      544.668    1.148       79.650    0.091       23.727    0.331       93.077    0.563      318.449    0.261     1776.443   36.576        7.000    1.850
 2004.125   2  2004      252.870    0.732      544.463    1.242       79.653    0.136       23.424    0.417       93.048    0.495      318.440    0.316     1777.034   39.257        7.020    1.910
 2004.208   3  2004      252.602    0.734      544.334    1.191       79.470    0.068       23.013    0.434       92.973    0.446      318.494    0.345     1776.982   37.807        7.020    1.820
 2004.292   4  2004      252.283    0.723      543.999    1.254       79.231    0.079       22.721    0.473       92.898    0.434      318.438    0.370     1776.134   36.270        7.030    1.640
 2004.375   5  2004      252.031    0.737      543.813    1.253       79.093    0.100       22.359    0.452       92.805    0.480      318.390    0.408     1775.142   34.230        6.890    1.510
 2004.458   6  2004      251.714    0.690      543.596    1.168       78.993    0.089       21.988    0.310       92.657    0.484      318.389    0.409     1770.860   26.582        6.850    1.230
 2004.542   7  2004      251.417    0.557      543.352    1.037       78.931    0.044       21.668    0.200       92.507    0.461      318.346    0.342     1768.991   21.694        7.010    1.120
 2004.625   8  2004      251.310    0.470      543.635    0.764       78.908    0.057       21.152    0.113       92.536    0.363      318.508    0.210     1770.772   21.392        7.260    1.200
 2004.708   9  2004      251.059    0.494      543.429    0.778       78.810    0.051       20.844    0.109       92.443    0.425      318.527    0.216     1775.027   24.415        7.270    1.210
 2004.792  10  2004      251.019    0.582      543.531    0.885       78.821    0.070       20.551    0.120       92.400    0.432      318.662    0.260     1775.923   26.877        7.470    1.450
 2004.875  11  2004      251.047    0.627      543.706    0.966       78.832    0.061       20.240    0.133       92.411    0.420      318.856    0.271     1775.026   28.095        7.520    1.460
 2004.958  12  2004      250.974    0.731      543.709    1.132       78.803    0.081       20.020    0.170       92.368    0.467      318.922    0.295     1775.465   34.591        7.550    1.650
 2005.042   1  2005      250.933    0.700      543.721    1.090       78.818    0.073       19.768    0.229       92.340    0.403      319.041    0.272     1776.579   34.993        7.290    1.810
 2005.125   2  2005      250.555    0.827      543.409    1.306       78.693    0.120       19.515    0.278       92.163    0.447      318.953    0.393     1772.144   38.582        7.140    1.850
 2005.208   3  2005      250.457    0.801      543.495    1.210       78.679    0.098       19.214    0.284       92.155    0.402      319.045    0.415     1772.248   35.125        6.970    1.650
 2005.292   4  2005      250.049    0.786      543.338    1.333       78.641    0.143       18.944    0.311       92.040    0.486      319.084    0.497     1772.414   34.941        6.900    1.470
 2005.375   5  2005      249.712    0.882      543.137    1.447       78.639    0.137       18.738    0.267       91.892    0.564      319.062    0.580     1771.917   32.302        6.950    1.290
 2005.458   6  2005      249.533    0.710      543.129    1.225       78.571    0.126       18.374    0.219       91.786    0.448      319.251    0.491     1769.865   26.767        6.800    1.050
 2005.542   7  2005      249.215    0.632      542.839    1.121       78.528    0.143       18.102    0.116       91.694    0.536      319.234    0.484     1769.753   23.480        7.100    1.010
 2005.625   8  2005      248.989    0.464      542.780    0.934       78.496    0.086       17.789    0.097       91.606    0.520      319.310    0.404     1772.323   23.403        7.270    1.150
 2005.708   9  2005      248.897    0.455      542.851    0.906       78.400    0.032       17.503    0.100       91.517    0.497      319.396    0.344     1777.293   26.686        7.470    1.350
 2005.792  10  2005      248.832    0.485      542.876    0.919       78.365    0.035       17.217    0.106       91.489    0.518      319.523    0.306     1778.214   28.085        7.400    1.480
 2005.875  11  2005      248.821    0.515      542.964    0.949       78.217    0.084       16.913    0.121       91.536    0.551      319.639    0.264     1778.077   30.113        7.270    1.580
 2005.958  12  2005      248.776    0.610      542.990    1.089       78.142    0.070       16.690    0.182       91.484    0.582      319.701    0.273     1780.300   35.924        7.500    1.840
 2006.042   1  2006      248.583    0.579      542.891    1.060       78.049    0.090       16.465    0.210       91.391    0.505      319.792    0.263     1780.453   36.018        7.250    1.900
 2006.125   2  2006      248.416    0.581      542.799    1.041       78.075    0.094       16.219    0.227       91.324    0.422      319.903    0.266     1780.342   35.433        7.090    1.820
 2006.208   3  2006      247.964    0.607      542.369    1.029       77.922    0.105       15.968    0.255       91.273    0.377      319.828    0.336     1772.728   37.373        6.690    1.730
 2006.292   4  2006      247.658    0.626      542.032    1.025       77.840    0.107       15.810    0.287       91.170    0.426      319.779    0.368     1771.948   36.281        6.760    1.640
 2006.375   5  2006      247.488    0.531      541.914    0.878       77.993    0.065       15.622    0.266       91.139    0.427      319.894    0.331     1773.858   32.004        6.740    1.430
 2006.458   6  2006      247.104    0.502      541.537    0.788       77.864    0.083       15.374    0.210       90.959    0.482      319.818    0.338     1771.046   28.155        6.770    1.130
 2006.542   7  2006      246.933    0.489      541.315    0.727       77.872    0.101       15.094    0.116       90.833    0.504      319.885    0.336     1769.040   23.083        6.890    1.060
 2006.625   8  2006      246.629    0.458      540.987    0.661       77.575    0.095       14.847    0.072       90.578    0.462      319.837    0.307     1770.038   22.208        7.120    1.090
 2006.708   9  2006      246.575    0.480      540.936    0.621       77.703    0.048       14.617    0.081       90.500    0.458      319.913    0.243     1774.083   24.546        7.260    1.260
 2006.792  10  2006      246.567    0.619      540.960    0.789       77.707    0.081       14.431    0.079       90.463    0.503      320.001    0.268     1775.358   25.774        7.390    1.480
 2006.875  11  2006      246.630    0.568      540.908    0.848       77.642    0.066       14.211    0.093       90.492    0.551      320.092    0.293     1777.010   31.033        7.190    1.520
 2006.958  12  2006      246.637    0.626      540.932    0.933       77.700    0.125       14.058    0.132       90.488    0.514      320.257    0.299     1778.634   34.670        7.410    1.830
 2007.042   1  2007      246.354    0.693      540.720    0.991       77.650    0.139       13.815    0.194       90.334    0.461      320.341    0.390     1774.387   37.809        7.180    1.860
 2007.125   2  2007      246.280    0.625      540.707    0.856       77.658    0.116       13.627    0.243       90.327    0.370      320.475    0.317     1778.318   35.447        7.240    1.710
 2007.208   3  2007      246.023    0.694      540.420    0.953       77.554    0.155       13.486    0.252       90.195    0.396      320.456    0.375     1779.429   36.460        7.250    1.710
 2007.292   4  2007      245.762    0.763      540.116    1.032       77.417    0.158       13.309    0.271       90.091    0.442      320.497    0.505     1777.544   36.679        6.980    1.580
 2007.375   5  2007      245.556    0.777      539.827    0.972       77.343    0.153       13.126    0.254       90.034    0.490      320.521    0.534     1779.651   33.670        7.120    1.420
 2007.458   6  2007      245.312    0.788      539.219    0.983       77.103    0.060       12.897    0.186       89.812    0.538      320.419    0.513     1777.983   28.373        7.240    1.150
 2007.542   7  2007      245.149    0.697      539.094    0.824       77.012    0.047       12.625    0.109       89.653    0.477      320.435    0.428     1775.771   23.760        7.290    1.010
 2007.625   8  2007      244.899    0.560      538.977    0.756       76.905    0.079       12.380    0.073       89.582    0.454      320.523    0.377     1777.725   22.973        7.340    0.990
 2007.708   9  2007      244.749    0.568      538.837    0.774       76.841    0.086       12.158    0.073       89.381    0.432      320.684    0.378     1785.260   25.905        7.460    1.180
 2007.792  10  2007      244.754    0.556      539.008    0.705       76.824    0.100       11.964    0.071       89.407    0.392      320.923    0.305     1787.217   28.405        7.270    1.310
 2007.875  11  2007      244.799    0.581      539.047    0.738       76.804    0.080       11.780    0.079       89.450    0.367      321.180    0.259     1789.223   29.779        7.210    1.410
 2007.958  12  2007      244.596    0.644      538.825    0.812       76.749    0.057       11.668    0.117       89.360    0.384      321.180    0.284     1787.940   33.890        7.290    1.640
 2008.042   1  2008      244.501    0.609      538.738    0.779       76.789    0.051       11.536    0.145       89.294    0.328      321.352    0.248     1790.283   34.913        7.360    1.760
 2008.125   2  2008      244.251    0.612      538.474    0.809       76.765    0.057       11.380    0.191       89.143    0.283      321.367    0.284     1787.442   38.980        7.280    1.960
 2008.208   3  2008      243.933    0.636      538.085    0.828       76.683    0.099       11.225    0.207       89.012    0.302      321.322    0.314     1788.479   39.157        7.170    1.810
 2008.292   4  2008      243.667    0.629      537.756    0.800       76.573    0.072       11.047    0.150       88.920    0.297      321.376    0.388     1784.203   35.059        7.030    1.710
 2008.375   5  2008      243.524    0.609      537.605    0.721       76.574    0.057       10.951    0.132       88.834    0.340      321.495    0.413     1787.706   34.010        7.120    1.600
 2008.458   6  2008      243.350    0.531      537.425    0.609       76.505    0.046       10.774    0.118       88.719    0.363      321.538    0.345     1785.213   26.995        7.040    1.190
 2008.542   7  2008      243.081    0.594      537.112    0.661       76.454    0.045       10.624    0.065       88.532    0.426      321.500    0.394     1783.522   22.964        7.160    1.040
 2008.625   8  2008      242.884    0.533      536.849    0.580       76.389    0.048       10.416    0.064       88.377    0.425      321.503    0.338     1784.688   22.259        7.230    0.990
 2008.708   9  2008      242.804    0.536      536.774    0.573       76.324    0.042       10.264    0.085       88.246    0.404      321.634    0.319     1789.653   25.546        7.430    1.290
 2008.792  10  2008      242.942    0.569      536.930    0.574       76.313    0.070       10.070    0.077       88.286    0.421      321.810    0.277     1791.170   28.958        7.320    1.470
 2008.875  11  2008      243.032    0.674      536.916    0.631       76.315    0.070        9.950    0.066       88.355    0.456      321.983    0.248     1796.636   33.237        7.630    1.860
 2008.958  12  2008      242.979    0.670      536.839    0.649       76.287    0.079        9.791    0.070       88.299    0.410      322.126    0.241     1797.811   35.850        7.620    1.960
 2009.042   1  2009      242.728    0.577      536.657    0.639       76.205    0.083        9.664    0.098       88.176    0.331      322.222    0.239     1793.405   35.362        7.260    1.770
 2009.125   2  2009      242.466    0.562      536.309    0.620       76.094    0.134        9.521    0.124       88.058    0.280      322.171    0.244     1793.037   37.505        6.970    1.660
 2009.208   3  2009      242.144    0.556      535.859    0.614       76.032    0.138        9.386    0.149       87.914    0.312      322.129    0.264     1792.904   37.402        6.810    1.630
 2009.292   4  2009      241.852    0.590      535.513    0.663       75.935    0.133        9.234    0.147       87.718    0.307      322.100    0.350     1792.522   38.190        6.790    1.590
 2009.375   5  2009      241.643    0.579      535.264    0.640       75.861    0.127        9.081    0.151       87.619    0.331      322.169    0.374     1792.161   33.087        6.740    1.320
 2009.458   6  2009      241.449    0.613      534.947    0.647       75.750    0.088        8.960    0.112       87.482    0.386      322.103    0.378     1788.980   28.504        6.810    1.100
 2009.542   7  2009      241.240    0.524      534.740    0.543       75.657    0.063        8.822    0.075       87.380    0.382      322.159    0.342     1787.799   24.285        6.850    1.080
 2009.625   8  2009      241.137    0.514      534.497    0.475       75.605    0.054        8.681    0.057       87.197    0.391      322.208    0.296     1790.438   23.264        7.030    1.150
 2009.708   9  2009      241.156    0.601      534.454    0.518       75.626    0.073        8.542    0.060       87.044    0.373      322.339    0.283     1794.693   25.970        7.270    1.240
 2009.792  10  2009      241.085    0.718      534.357    0.673       75.605    0.096        8.439    0.059       86.986    0.391      322.460    0.346     1795.108   28.271        7.370    1.450
 2009.875  11  2009      241.102    0.662      534.264    0.653       75.603    0.081        8.341    0.061       86.953    0.364      322.563    0.305     1793.077   30.199        7.120    1.540
 2009.958  12  2009      241.121    0.682      534.257    0.698       75.655    0.055        8.239    0.062       86.961    0.391      322.676    0.307     1794.564   35.834        7.120    1.840
 2010.042   1  2010      240.989    0.653      534.118    0.730       75.616    0.070        8.085    0.098       86.894    0.357      322.817    0.318     1792.654   36.836        6.930    1.870
 2010.125   2  2010      240.630    0.711      533.718    0.847       75.502    0.129        7.936    0.117       86.707    0.367      322.814    0.402     1788.985   37.308        6.840    1.760
 2010.208   3  2010      240.477    0.632      533.536    0.721       75.450    0.129        7.805    0.147       86.637    0.318      322.860    0.350     1790.929   37.685        6.840    1.830
 2010.292   4  2010      240.368    0.614      533.442    0.712       75.417    0.120        7.733    0.149       86.632    0.327      322.985    0.341     1797.534   36.309        6.980    1.800
 2010.375   5  2010      240.167    0.563      533.257    0.672       75.361    0.070        7.628    0.143       86.537    0.368      323.051    0.349     1796.687   32.050        7.170    1.690
 2010.458   6  2010      239.895    0.478      532.906    0.523       75.266    0.040        7.510    0.115       86.369    0.396      323.051    0.324     1793.842   27.183        7.210    1.420
 2010.542   7  2010      239.620    0.445      532.585    0.479       75.142    0.027        7.379    0.087       86.178    0.411      323.099    0.351     1792.628   23.697        7.370    1.340
 2010.625   8  2010      239.290    0.406      532.121    0.435       75.024    0.039        7.244    0.060       85.966    0.401      323.033    0.274     1793.773   21.775        7.530    1.400
 2010.708   9  2010      239.136    0.481      531.984    0.529       74.946    0.063        7.141    0.051       85.862    0.418      323.139    0.310     1798.379   24.405        7.530    1.400
 2010.792  10  2010      239.198    0.587      532.048    0.590       74.932    0.053        7.082    0.050       85.855    0.467      323.392    0.250     1803.560   26.581        7.590    1.560
 2010.875  11  2010      239.071    0.667      531.948    0.610       74.948    0.052        7.033    0.051       85.871    0.449      323.534    0.226     1804.532   30.362        7.710    1.790
 2010.958  12  2010      238.964    0.693      531.767    0.675       74.909    0.072        6.943    0.057       85.814    0.442      323.637    0.235     1805.487   34.182        7.710    1.960
 2011.042   1  2011      238.771    0.671      531.548    0.737       74.896    0.063        6.833    0.090       85.741    0.392      323.755    0.229     1803.213   35.763        7.580    2.020
 2011.125   2  2011      238.554    0.636      531.256    0.760       74.840    0.058        6.712    0.128       85.656    0.317      323.818    0.241     1802.433   36.894        7.380    1.980
 2011.208   3  2011      238.321    0.649      530.918    0.787       74.757    0.101        6.657    0.109       85.560    0.356      323.778    0.285     1801.957   37.139        7.250    1.880
 2011.292   4  2011      238.027    0.638      530.732    0.739       74.753    0.093        6.585    0.077       85.527    0.349      323.858    0.330     1801.597   36.616        7.160    1.770
 2011.375   5  2011      237.819    0.665      530.630    0.714       74.702    0.079        6.508    0.064       85.406    0.426      323.992    0.400     1801.190   32.896        7.150    1.490
 2011.458   6  2011      237.495    0.623      530.239    0.625       74.618    0.062        6.406    0.063       85.258    0.452      323.984    0.372     1798.201   25.943        7.100    1.160
 2011.542   7  2011      237.186    0.605      529.920    0.548       74.516    0.053        6.296    0.079       85.096    0.463      324.049    0.380     1797.727   21.183        7.290    1.050
 2011.625   8  2011      237.048    0.475      529.812    0.341       74.469    0.089        6.166    0.082       84.997    0.401      324.098    0.294     1799.556   19.989        7.480    1.080
 2011.708   9  2011      237.034    0.497      529.695    0.362       74.544    0.110        6.053    0.077       84.923    0.378      324.226    0.286     1804.790   22.952        7.590    1.420
 2011.792  10  2011      236.984    0.625      529.578    0.506       74.462    0.114        5.952    0.078       84.884    0.461      324.308    0.331     1808.034   27.329        7.620    1.530
 2011.875  11  2011      236.970    0.635      529.488    0.529       74.460    0.127        5.858    0.065       84.856    0.430      324.526    0.296     1810.292   30.816        7.640    1.730
 2011.958  12  2011      236.802    0.704      529.284    0.643       74.448    0.125        5.758    0.052       84.770    0.437      324.591    0.345     1807.741   32.987        7.600    1.840
 2012.042   1  2012      236.703    0.677      529.218    0.624       74.465    0.136        5.727    0.051       84.712    0.417      324.732    0.291     1809.333   35.882        7.720    1.860
 2012.125   2  2012      236.616    0.589      529.043    0.554       74.476    0.096        5.653    0.048       84.659    0.350      324.862    0.247     1811.148   36.512        7.630    1.850
 2012.208   3  2012      236.326    0.616      528.661    0.612       74.425    0.120        5.593    0.053       84.544    0.373      324.834    0.297     1809.170   37.845        7.320    1.900
 2012.292   4  2012      236.126    0.557      528.413    0.475       74.308    0.126        5.481    0.056       84.484    0.366      324.866    0.310     1807.917   37.391        7.370    1.810
 2012.375   5  2012      235.675    0.611      527.888    0.625       74.073    0.165        5.400    0.063       84.252    0.461      324.773    0.468     1808.900   34.190        7.500    1.480
 2012.458   6  2012      235.482    0.452      527.772    0.549       73.964    0.087        5.264    0.071       84.183    0.425      324.852    0.426     1804.569   26.753        7.220    1.120
 2012.542   7  2012      235.201    0.281      527.321    0.276       73.745    0.056        5.147    0.102       83.991    0.389      324.869    0.325     1802.184   21.729        7.350    1.070
 2012.625   8  2012      235.018    0.259      526.953    0.185       73.763    0.066        5.074    0.126       83.855    0.365      324.893    0.237     1806.788   22.391        7.440    1.190
 2012.708   9  2012      234.988    0.351      526.796    0.223       73.745    0.083        5.018    0.136       83.744    0.375      324.975    0.238     1810.110   25.027        7.680    1.410
 2012.792  10  2012      235.012    0.474      526.914    0.209       73.782    0.076        4.877    0.093       83.747    0.400      325.169    0.176     1811.241   27.389        7.660    1.530
 2012.875  11  2012      235.064    0.596      526.851    0.305       73.704    0.063        4.798    0.052       83.821    0.464      325.310    0.165     1815.625   32.797        7.810    1.910
 2012.958  12  2012      235.014    0.675      526.718    0.445       73.667    0.096        4.731    0.047       83.803    0.471      325.428    0.219     1815.359   36.064        7.810    2.120
 2013.042   1  2013      234.842    0.699      526.505    0.567       73.584    0.077        4.670    0.047       83.705    0.426      325.546    0.273     1815.671   36.295        7.810    2.220
 2013.125   2  2013      234.583    0.699      526.236    0.640       73.465    0.098        4.604    0.050       83.578    0.372      325.604    0.344     1814.203   38.557        7.800    2.200
 2013.208   3  2013      234.409    0.663      526.076    0.687       73.532    0.114        4.558    0.067       83.479    0.347      325.700    0.371     1814.221   39.272        7.520    2.080
 2013.292   4  2013      234.152    0.682      525.786    0.770       73.498    0.156        4.529    0.068       83.384    0.407      325.694    0.423     1812.712   37.750        7.460    1.950
 2013.375   5  2013      233.979    0.671      525.529    0.730       73.485    0.134        4.456    0.049       83.304    0.443      325.741    0.440     1811.887   33.634        7.470    1.680
 2013.458   6  2013      233.934    0.719      525.109    0.590       73.496    0.157        4.383    0.040       83.243    0.484      325.785    0.413     1810.353   28.627        7.540    1.570
 2013.542   7  2013      233.755    0.630      524.751    0.412       73.417    0.110        4.298    0.054       83.079    0.449      325.920    0.428     1810.137   24.068        7.670    1.380
 2013.625   8  2013      233.505    0.543      524.435    0.259       73.324    0.084        4.212    0.065       82.953    0.393      325.850    0.251     1810.345   21.986        7.440    1.190
 2013.708   9  2013      233.466    0.565      524.261    0.266       73.252    0.088        4.157    0.082       82.807    0.390      325.923    0.223     1814.373   24.162        7.670    1.350
 2013.792  10  2013      233.560    0.724      524.225    0.414       73.219    0.079        4.114    0.071       82.721    0.401      326.136    0.303     1818.414   28.172        8.040    1.810
 2013.875  11  2013      233.567    0.824      524.039    0.458       73.183    0.102        4.040    0.056       82.705    0.426      326.233    0.292     1819.736   32.822        8.310    2.190
 2013.958  12  2013      233.513    0.842      523.923    0.574       73.130    0.143        4.001    0.045       82.654    0.382      326.332    0.275     1820.625   36.383        8.610    2.610
 2014.042   1  2014      233.412    0.767      523.775    0.625       73.074    0.178        3.924    0.045       82.595    0.317      326.501    0.280     1821.658   36.321        8.540    2.520
 2014.125   2  2014      233.094    0.755      523.667    0.843       73.056    0.255        3.876    0.050       82.476    0.267      326.559    0.374     1817.849   38.713        8.070    2.280
 2014.208   3  2014      232.879    0.756      523.357    0.880       73.010    0.274        3.823    0.048       82.369    0.289      326.600    0.432     1817.912   36.618        7.920    2.120
 2014.292   4  2014      232.665    0.909      522.939    1.008       72.959    0.304        3.767    0.047       82.256    0.377      326.613    0.553     1819.771   39.006        8.300    2.370
 2014.375   5  2014      232.516    0.932      522.834    0.855       73.044    0.173        3.773    0.069       82.257    0.363      326.693    0.546     1819.364   33.783        8.240    2.070
 2014.458   6  2014      232.399    0.981      522.591    0.787       72.993    0.167        3.735    0.093       82.191    0.386      326.846    0.580     1820.233   27.945        8.210    1.750
 2014.542   7  2014      232.373    0.854      522.481    0.620       72.963    0.116        3.660    0.103       82.123    0.347      327.012    0.483     1819.845   22.497        8.030    1.450
 2014.625   8  2014      232.180    0.823      522.312    0.488       72.983    0.057        3.606    0.133       82.018    0.397      327.021    0.428     1822.862   23.353        8.080    1.400
 2014.708   9  2014      232.161    0.900      522.236    0.511       72.975    0.054        3.594    0.163       81.938    0.416      327.130    0.427     1827.589   27.516        8.500    1.700
 2014.792  10  2014      232.198    0.960      522.129    0.516       72.913    0.054        3.533    0.148       81.877    0.420      327.258    0.402     1828.225   28.246        8.640    2.000
 2014.875  11  2014      232.292    1.039      522.016    0.560       72.854    0.040        3.497    0.139       81.872    0.420      327.323    0.339     1832.879   33.470        8.800    2.290
 2014.958  12  2014      232.104    1.087      521.720    0.623       72.808    0.056        3.465    0.140       81.762    0.429      327.365    0.351     1830.255   36.738        8.440    2.330
 2015.042   1  2015      232.053    0.944      521.558    0.559       72.823    0.060        3.407    0.119       81.809    0.301      327.538    0.274     1831.136   36.520        8.430    2.380
 2015.125   2  2015      231.785    0.889      521.288    0.577       72.731    0.067        3.291    0.162       81.708    0.258      327.565    0.305     1829.984   37.289        8.170    2.240
 2015.208   3  2015      231.563    0.857      520.963    0.630       72.666    0.064        3.130    0.155       81.597    0.272      327.571    0.337     1832.180   36.769        8.360    2.260
